+-------+----------------------+----------------+
| TOPIC | PERC  NO ACC  ANSWER | MEDIAN TIME(H) |
+-------+----------------------+----------------+
|    22 |                 50.3 |            1.2 |
|     6 |                 49.0 |            3.3 |
|    20 |                 48.1 |            2.7 |
|    19 |                 47.8 |            5.5 |
|     8 |                 47.8 |            2.3 |
|     0 |                 47.1 |            3.5 |
|     9 |                 46.5 |            1.9 |
|     3 |                 46.5 |            0.9 |
|    12 |                 46.2 |            1.2 |
|    14 |                 46.0 |            1.6 |
|     7 |                 44.2 |            1.0 |
|     4 |                 43.9 |            1.2 |
|     5 |                 43.3 |            4.8 |
|    15 |                 43.3 |            1.5 |
|    17 |                 43.2 |            0.5 |
|    11 |                 42.2 |            1.4 |
|    10 |                 41.9 |            2.2 |
|    21 |                 41.0 |            2.2 |
|     1 |                 38.4 |            1.8 |
|    13 |                 37.7 |            0.8 |
|     2 |                 37.3 |            0.8 |
|    18 |                 37.0 |            1.2 |
|    16 |                 35.7 |            0.8 |
+-------+----------------------+----------------+
