+-------+-------+------------+
| TOPIC | POSTS | PERCENTAGE |
+-------+-------+------------+
|    13 |  6384 |       13.5 |
|     1 |  4872 |       10.3 |
|    16 |  3146 |        6.6 |
|    17 |  3049 |        6.4 |
|     9 |  2680 |        5.7 |
|     8 |  2551 |        5.4 |
|     0 |  2251 |        4.7 |
|    12 |  2243 |        4.7 |
|    15 |  2141 |        4.5 |
|    14 |  1825 |        3.8 |
|    21 |  1813 |        3.8 |
|     3 |  1791 |        3.8 |
|    22 |  1710 |        3.6 |
|     2 |  1578 |        3.3 |
|    19 |  1536 |        3.2 |
|    20 |  1305 |        2.8 |
|     7 |  1231 |        2.6 |
|     6 |  1219 |        2.6 |
|    10 |  1183 |        2.5 |
|     4 |  1087 |        2.3 |
|    11 |   735 |        1.6 |
|    18 |   588 |        1.2 |
|     5 |   486 |        1.0 |
+-------+-------+------------+
